8089 0
550 0
5892 0
8559 0
2619 0
7797 0
7578 0
988 0
2182 0
5203 0
3669 0
3358 0
5241 0
6984 0
685 0
6789 0
3191 0
8347 0
5915 0
9845 0
336 0
8878 0
265 0
14 0
9030 0
1418 0
1040 0
479 0
7789 0
9534 0
1212 0
9780 0
3412 0
4346 0
5511 0
3890 0
3265 0
9277 0
1074 0
3961 0
3545 0
991 0
2393 0
4355 0
9928 0
4757 0
4820 0
4949 0
7770 0
3193 0
3648 0
5954 0
2902 0
2342 0
4818 0
9147 0
5766 0
3571 0
3044 0
96 0
5090 0
5701 0
5252 0
7223 0
8040 0
5986 0
862 0
6687 0
4223 0
9321 0
5244 0
8314 0
6886 0
3614 0
8834 0
7487 0
9437 0
2940 0
4430 0
9366 0
7641 0
145 0
2631 0
7578 0
1771 0
6681 0
125 0
9227 0
5583 0
7716 0
3500 0
5299 0
4359 0
4559 0
2516 0
5808 0
1623 0
7229 0
8033 0
2364 0
